0,0.587785,0.951057,0.951057,0.587785,1.22465e-16,-0.587785,-0.951057,-0.951057,-0.587785,
0,-0.534785,-0.8653,-0.8653,-0.534785,1.22465e-16,0.534785,0.8653,0.8653,-0.587785,
0,0.486563,0.787276,0.787276,0.486563,4.77736e-16,-0.486563,-0.787276,-6.40013,-0.587785,
0,-0.44269,-0.716287,-0.716287,-0.44269,-2.51018e-14,0.44269,-27.348,50.7258,-0.587785,
0,0.402772,0.6517,0.6517,0.402772,7.8847e-13,-140.724,501.974,-596.211,-0.587785,
0,-0.366455,-0.592936,-0.592936,-0.366455,-701.606,3776.39,-8202.44,7872.83,-0.587785,
0,0.333411,0.539471,0.539471,-3507.7,25194.6,-78507.7,132068,-111871,-0.587785,
0,-0.303348,-0.490827,-17540.6,157545,-636828,1.49288e+06,-2.1405e+06,1.66717e+06,-0.587785,
0,0.275995,-87700.3,945587,-4.68975e+06,1.39836e+07,-2.73226e+07,3.50648e+07,-2.57071e+07,-0.587785,
0,-438504,5.51724e+06,-3.23975e+07,1.16854e+08,-2.85914e+08,4.91146e+08,-5.80732e+08,4.06688e+08,-0.587785,
0,3.15327e+07,-2.13835e+08,9.03432e+08,-2.64324e+09,5.61322e+09,-8.75354e+09,9.71575e+09,-6.56385e+09,-0.587785,
