0,0.587785,0.951057,0.951057,0.587785,1.22465e-16,-0.587785,-0.951057,-0.951057,-0.587785,
0,-0.0927372,-0.178669,-0.253304,-0.315895,-0.369449,-0.419309,-0.470854,-0.5272,-0.587785,
0,-0.0635573,-0.127406,-0.191768,-0.256745,-0.322314,-0.388354,-0.454703,-0.521214,-0.587785,
0,-0.0654515,-0.130884,-0.196282,-0.261635,-0.326938,-0.392196,-0.457415,-0.522607,-0.587785,
0,-0.065297,-0.130596,-0.195897,-0.261202,-0.326512,-0.391826,-0.457143,-0.522464,-0.587785,
0,-0.0653106,-0.130621,-0.195931,-0.261241,-0.326551,-0.39186,-0.457168,-0.522477,-0.587785,
0,-0.0653094,-0.130619,-0.195928,-0.261238,-0.326547,-0.391857,-0.457166,-0.522476,-0.587785,
0,-0.0653095,-0.130619,-0.195928,-0.261238,-0.326547,-0.391857,-0.457166,-0.522476,-0.587785,
0,-0.0653095,-0.130619,-0.195928,-0.261238,-0.326547,-0.391857,-0.457166,-0.522476,-0.587785,
0,-0.0653095,-0.130619,-0.195928,-0.261238,-0.326547,-0.391857,-0.457166,-0.522476,-0.587785,
0,-0.0653095,-0.130619,-0.195928,-0.261238,-0.326547,-0.391857,-0.457166,-0.522476,-0.587785,
