0,0.642788,0.984808,0.866025,0.34202,-0.34202,-0.866025,-0.984808,-0.642788,-2.44929e-16,
0,0.644498,0.979884,0.868329,0.34031,-0.34031,-0.866619,-0.979884,-0.647712,-2.44929e-16,
0,0.646175,0.974984,0.870589,0.338608,-0.338608,-0.867186,-0.974984,-0.652611,-2.44929e-16,
0,0.647819,0.970109,0.872804,0.336915,-0.336915,-0.867725,-0.970109,-0.657486,-2.44929e-16,
0,0.64943,0.965259,0.874975,0.335231,-0.335231,-0.868237,-0.965259,-0.662337,-2.44929e-16,
0,0.651009,0.960433,0.877102,0.333555,-0.333555,-0.868722,-0.960433,-0.667163,-2.44929e-16,
0,0.652556,0.95563,0.879187,0.331887,-0.331887,-0.86918,-0.95563,-0.671965,-2.44929e-16,
0,0.654072,0.950852,0.881229,0.330228,-0.330228,-0.869612,-0.950852,-0.676743,-2.44929e-16,
0,0.655556,0.946098,0.883228,0.328576,-0.328576,-0.870019,-0.946098,-0.681497,-2.44929e-16,
0,0.657008,0.941367,0.885185,0.326933,-0.326933,-0.870399,-0.941367,-0.686228,-2.44929e-16,
0,0.65843,0.936661,0.887101,0.325299,-0.325299,-0.870754,-0.936661,-0.690935,-2.44929e-16,
0,0.659821,0.931977,0.888975,0.323672,-0.323672,-0.871083,-0.931977,-0.695618,-2.44929e-16,
0,0.661182,0.927317,0.890808,0.322054,-0.322054,-0.871388,-0.927317,-0.700278,-2.44929e-16,
0,0.662513,0.922681,0.892601,0.320444,-0.320444,-0.871668,-0.922681,-0.704915,-2.44929e-16,
0,0.663814,0.918067,0.894354,0.318841,-0.318841,-0.871923,-0.918067,-0.709528,-2.44929e-16,
0,0.665085,0.913477,0.896066,0.317247,-0.317247,-0.872153,-0.913477,-0.714118,-2.44929e-16,
0,0.666327,0.90891,0.89774,0.315661,-0.315661,-0.87236,-0.90891,-0.718686,-2.44929e-16,
0,0.66754,0.904365,0.899374,0.314083,-0.314083,-0.872543,-0.904365,-0.72323,-2.44929e-16,
0,0.668724,0.899843,0.900969,0.312512,-0.312512,-0.872702,-0.899843,-0.727752,-2.44929e-16,
0,0.669879,0.895344,0.902526,0.31095,-0.31095,-0.872838,-0.895344,-0.732251,-2.44929e-16,
0,0.671007,0.890867,0.904045,0.309395,-0.309395,-0.87295,-0.890867,-0.736728,-2.44929e-16,
0,0.672106,0.886413,0.905526,0.307848,-0.307848,-0.87304,-0.886413,-0.741182,-2.44929e-16,
0,0.673178,0.881981,0.90697,0.306309,-0.306309,-0.873107,-0.881981,-0.745614,-2.44929e-16,
0,0.674222,0.877571,0.908376,0.304777,-0.304777,-0.873151,-0.877571,-0.750024,-2.44929e-16,
0,0.675238,0.873183,0.909746,0.303253,-0.303253,-0.873173,-0.873183,-0.754412,-2.44929e-16,
0,0.676228,0.868817,0.91108,0.301737,-0.301737,-0.873173,-0.868817,-0.758778,-2.44929e-16,
0,0.677191,0.864473,0.912377,0.300228,-0.300228,-0.873151,-0.864473,-0.763122,-2.44929e-16,
0,0.678128,0.860151,0.913639,0.298727,-0.298727,-0.873108,-0.860151,-0.767444,-2.44929e-16,
0,0.679038,0.85585,0.914865,0.297234,-0.297234,-0.873043,-0.85585,-0.771745,-2.44929e-16,
0,0.679922,0.851571,0.916056,0.295747,-0.295747,-0.872957,-0.851571,-0.776024,-2.44929e-16,
0,0.68078,0.847313,0.917212,0.294269,-0.294269,-0.87285,-0.847313,-0.780282,-2.44929e-16,
0,0.681613,0.843076,0.918334,0.292797,-0.292797,-0.872723,-0.843076,-0.784519,-2.44929e-16,
0,0.68242,0.838861,0.919422,0.291333,-0.291333,-0.872574,-0.838861,-0.788734,-2.44929e-16,
0,0.683202,0.834667,0.920476,0.289877,-0.289877,-0.872406,-0.834667,-0.792929,-2.44929e-16,
0,0.683959,0.830493,0.921496,0.288427,-0.288427,-0.872217,-0.830493,-0.797102,-2.44929e-16,
0,0.684692,0.826341,0.922483,0.286985,-0.286985,-0.872008,-0.826341,-0.801254,-2.44929e-16,
0,0.6854,0.822209,0.923437,0.28555,-0.28555,-0.87178,-0.822209,-0.805386,-2.44929e-16,
0,0.686084,0.818098,0.924359,0.284123,-0.284123,-0.871532,-0.818098,-0.809497,-2.44929e-16,
0,0.686744,0.814008,0.925248,0.282702,-0.282702,-0.871265,-0.814008,-0.813588,-2.44929e-16,
0,0.687381,0.809938,0.926106,0.281288,-0.281288,-0.870979,-0.809938,-0.817658,-2.44929e-16,
0,0.687994,0.805888,0.926931,0.279882,-0.279882,-0.870674,-0.805888,-0.821707,-2.44929e-16,
0,0.688583,0.801859,0.927725,0.278483,-0.278483,-0.87035,-0.801859,-0.825737,-2.44929e-16,
0,0.689149,0.797849,0.928489,0.27709,-0.27709,-0.870007,-0.797849,-0.829746,-2.44929e-16,
0,0.689693,0.79386,0.929221,0.275705,-0.275705,-0.869646,-0.79386,-0.833735,-2.44929e-16,
0,0.690214,0.789891,0.929922,0.274326,-0.274326,-0.869267,-0.789891,-0.837705,-2.44929e-16,
0,0.690712,0.785941,0.930594,0.272955,-0.272955,-0.868871,-0.785941,-0.841654,-2.44929e-16,
0,0.691188,0.782012,0.931235,0.27159,-0.27159,-0.868456,-0.782012,-0.845584,-2.44929e-16,
0,0.691642,0.778102,0.931847,0.270232,-0.270232,-0.868024,-0.778102,-0.849494,-2.44929e-16,
0,0.692075,0.774211,0.93243,0.268881,-0.268881,-0.867574,-0.774211,-0.853384,-2.44929e-16,
0,0.692485,0.77034,0.932983,0.267536,-0.267536,-0.867107,-0.77034,-0.857255,-2.44929e-16,
0,0.692875,0.766488,0.933507,0.266199,-0.266199,-0.866623,-0.766488,-0.861107,-2.44929e-16,
0,0.693243,0.762656,0.934003,0.264868,-0.264868,-0.866123,-0.762656,-0.86494,-2.44929e-16,
0,0.69359,0.758843,0.934471,0.263543,-0.263543,-0.865605,-0.758843,-0.868753,-2.44929e-16,
0,0.693916,0.755048,0.934911,0.262226,-0.262226,-0.865072,-0.755048,-0.872547,-2.44929e-16,
0,0.694222,0.751273,0.935322,0.260914,-0.260914,-0.864521,-0.751273,-0.876322,-2.44929e-16,
0,0.694507,0.747517,0.935707,0.25961,-0.25961,-0.863955,-0.747517,-0.880079,-2.44929e-16,
0,0.694772,0.743779,0.936064,0.258312,-0.258312,-0.863373,-0.743779,-0.883816,-2.44929e-16,
0,0.695017,0.74006,0.936394,0.25702,-0.25702,-0.862775,-0.74006,-0.887535,-2.44929e-16,
0,0.695242,0.73636,0.936697,0.255735,-0.255735,-0.862162,-0.73636,-0.891235,-2.44929e-16,
0,0.695448,0.732678,0.936974,0.254456,-0.254456,-0.861533,-0.732678,-0.894917,-2.44929e-16,
0,0.695634,0.729015,0.937225,0.253184,-0.253184,-0.860888,-0.729015,-0.898581,-2.44929e-16,
0,0.695801,0.72537,0.93745,0.251918,-0.251918,-0.860229,-0.72537,-0.902226,-2.44929e-16,
0,0.695949,0.721743,0.937649,0.250659,-0.250659,-0.859555,-0.721743,-0.905853,-2.44929e-16,
0,0.696078,0.718134,0.937823,0.249405,-0.249405,-0.858866,-0.718134,-0.909461,-2.44929e-16,
0,0.696188,0.714543,0.937972,0.248158,-0.248158,-0.858162,-0.714543,-0.913052,-2.44929e-16,
0,0.69628,0.710971,0.938095,0.246918,-0.246918,-0.857444,-0.710971,-0.916625,-2.44929e-16,
0,0.696353,0.707416,0.938194,0.245683,-0.245683,-0.856711,-0.707416,-0.92018,-2.44929e-16,
0,0.696409,0.703879,0.938269,0.244455,-0.244455,-0.855965,-0.703879,-0.923717,-2.44929e-16,
0,0.696446,0.700359,0.938319,0.243232,-0.243232,-0.855204,-0.700359,-0.927236,-2.44929e-16,
0,0.696465,0.696858,0.938345,0.242016,-0.242016,-0.85443,-0.696858,-0.930738,-2.44929e-16,
0,0.696467,0.693373,0.938348,0.240806,-0.240806,-0.853642,-0.693373,-0.934222,-2.44929e-16,
0,0.696452,0.689906,0.938327,0.239602,-0.239602,-0.852841,-0.689906,-0.937689,-2.44929e-16,
0,0.696419,0.686457,0.938283,0.238404,-0.238404,-0.852026,-0.686457,-0.941138,-2.44929e-16,
0,0.696369,0.683025,0.938216,0.237212,-0.237212,-0.851199,-0.683025,-0.944571,-2.44929e-16,
0,0.696303,0.679609,0.938126,0.236026,-0.236026,-0.850358,-0.679609,-0.947986,-2.44929e-16,
0,0.696219,0.676211,0.938014,0.234846,-0.234846,-0.849504,-0.676211,-0.951384,-2.44929e-16,
0,0.696119,0.67283,0.937879,0.233672,-0.233672,-0.848637,-0.67283,-0.954765,-2.44929e-16,
0,0.696003,0.669466,0.937722,0.232503,-0.232503,-0.847758,-0.669466,-0.958129,-2.44929e-16,
0,0.69587,0.666119,0.937543,0.231341,-0.231341,-0.846867,-0.666119,-0.961476,-2.44929e-16,
0,0.695721,0.662788,0.937343,0.230184,-0.230184,-0.845963,-0.662788,-0.964807,-2.44929e-16,
0,0.695557,0.659474,0.937121,0.229033,-0.229033,-0.845047,-0.659474,-0.968121,-2.44929e-16,
0,0.695376,0.656177,0.936878,0.227888,-0.227888,-0.844119,-0.656177,-0.971418,-2.44929e-16,
0,0.69518,0.652896,0.936614,0.226748,-0.226748,-0.84318,-0.652896,-0.974699,-2.44929e-16,
0,0.694969,0.649632,0.936329,0.225615,-0.225615,-0.842228,-0.649632,-0.977964,-2.44929e-16,
0,0.694742,0.646383,0.936024,0.224487,-0.224487,-0.841265,-0.646383,-0.981212,-2.44929e-16,
0,0.6945,0.643152,0.935698,0.223364,-0.223364,-0.840291,-0.643152,-0.984444,-2.44929e-16,
0,0.694244,0.639936,0.935352,0.222247,-0.222247,-0.839305,-0.639936,-0.98766,-2.44929e-16,
0,0.693972,0.636736,0.934986,0.221136,-0.221136,-0.838308,-0.636736,-0.990859,-2.44929e-16,
0,0.693686,0.633552,0.9346,0.22003,-0.22003,-0.837301,-0.633552,-0.994043,-2.44929e-16,
0,0.693385,0.630385,0.934195,0.21893,-0.21893,-0.836282,-0.630385,-0.997211,-2.44929e-16,
0,0.69307,0.627233,0.933771,0.217836,-0.217836,-0.835252,-0.627233,-1.00036,-2.44929e-16,
0,0.692741,0.624097,0.933327,0.216746,-0.216746,-0.834212,-0.624097,-1.0035,-2.44929e-16,
0,0.692398,0.620976,0.932865,0.215663,-0.215663,-0.833162,-0.620976,-1.00662,-2.44929e-16,
0,0.692041,0.617871,0.932384,0.214584,-0.214584,-0.832101,-0.617871,-1.00972,-2.44929e-16,
0,0.69167,0.614782,0.931884,0.213512,-0.213512,-0.83103,-0.614782,-1.01281,-2.44929e-16,
0,0.691285,0.611708,0.931366,0.212444,-0.212444,-0.829948,-0.611708,-1.01589,-2.44929e-16,
0,0.690888,0.608649,0.93083,0.211382,-0.211382,-0.828857,-0.608649,-1.01895,-2.44929e-16,
0,0.690476,0.605606,0.930276,0.210325,-0.210325,-0.827756,-0.605606,-1.02199,-2.44929e-16,
0,0.690052,0.602578,0.929705,0.209273,-0.209273,-0.826645,-0.602578,-1.02502,-2.44929e-16,
0,0.689615,0.599565,0.929115,0.208227,-0.208227,-0.825525,-0.599565,-1.02803,-2.44929e-16,
