0,0.642788,0.984808,0.866025,0.34202,-0.34202,-0.866025,-0.984808,-0.642788,-2.44929e-16,
0,0.440275,0.888025,0.762184,0.314454,-0.278261,-0.705948,-0.89666,-0.216371,-2.44929e-16,
0,0.388026,0.720681,0.685029,0.286884,-0.211717,-0.595479,-0.632293,-0.194145,-2.44929e-16,
0,0.316884,0.622977,0.586095,0.268755,-0.159415,-0.469986,-0.494175,-0.137226,-2.44929e-16,
0,0.272729,0.526695,0.513753,0.243133,-0.104772,-0.367996,-0.381427,-0.107138,-2.44929e-16,
0,0.230889,0.453834,0.445639,0.224297,-0.0595516,-0.282003,-0.296561,-0.0827037,-2.44929e-16,
0,0.198684,0.389841,0.390917,0.206798,-0.0206455,-0.211898,-0.229038,-0.0642978,-2.44929e-16,
0,0.170691,0.33772,0.343757,0.192583,0.0110789,-0.154597,-0.175232,-0.0496613,-2.44929e-16,
0,0.147778,0.293484,0.304702,0.180176,0.0370117,-0.108078,-0.131922,-0.0379985,-2.44929e-16,
0,0.128385,0.256706,0.271659,0.169604,0.057782,-0.0703484,-0.0969878,-0.0286116,-2.44929e-16,
0,0.11224,0.22576,0.243935,0.160346,0.0742999,-0.0398534,-0.0687536,-0.0210402,-2.44929e-16,
0,0.0986668,0.199839,0.220476,0.152223,0.0872337,-0.0152727,-0.0459405,-0.014921,-2.44929e-16,
0,0.0872938,0.178022,0.200612,0.144995,0.0972158,0.00445831,-0.0275255,-0.00997678,-2.44929e-16,
0,0.0777249,0.159647,0.183699,0.138517,0.104757,0.0202198,-0.0126932,-0.00598568,-2.44929e-16,
0,0.0696666,0.144117,0.169246,0.132657,0.110296,0.0327296,-0.000783506,-0.00277098,-2.44929e-16,
0,0.0628575,0.130955,0.156829,0.127316,0.114196,0.042578,0.00873819,-0.000189655,-2.44929e-16,
0,0.0570879,0.119755,0.146107,0.122413,0.11676,0.0502485,0.0163078,0.00187418,-2.44929e-16,
0,0.0521802,0.110187,0.136793,0.117882,0.118237,0.0561386,0.022281,0.00351498,-2.44929e-16,
0,0.0479887,0.101974,0.128655,0.11367,0.118836,0.0605747,0.0269489,0.00480985,-2.44929e-16,
0,0.0443922,0.0948876,0.121498,0.109734,0.118726,0.0638251,0.0305503,0.00582187,-2.44929e-16,
0,0.0412906,0.08874,0.115163,0.106038,0.11805,0.0661101,0.0332806,0.00660273,-2.44929e-16,
0,0.0386009,0.083375,0.109517,0.102551,0.116922,0.067611,0.0353005,0.00719485,-2.44929e-16,
0,0.0362547,0.0786636,0.104451,0.099249,0.115438,0.0684766,0.036742,0.00763302,-2.44929e-16,
0,0.0341954,0.0744993,0.0998746,0.0961118,0.113676,0.0688292,0.0377133,0.00794582,-2.44929e-16,
0,0.0323761,0.0707938,0.0957133,0.0931218,0.1117,0.0687694,0.0383033,0.00815673,-2.44929e-16,
0,0.0307581,0.0674743,0.091905,0.0902645,0.109562,0.0683795,0.0385853,0.00828502,-2.44929e-16,
0,0.0293094,0.0644804,0.0883983,0.0875276,0.107306,0.0677274,0.0386192,0.00834655,-2.44929e-16,
0,0.0280036,0.0617622,0.0851506,0.0849007,0.104966,0.0668684,0.0384543,0.0083543,-2.44929e-16,
0,0.0268185,0.0592784,0.0821264,0.0823751,0.10257,0.0658482,0.0381311,0.00831897,-2.44929e-16,
0,0.0257362,0.0569945,0.0792963,0.0799429,0.100141,0.0647038,0.0376827,0.00824931,-2.44929e-16,
0,0.0247415,0.0548822,0.0766357,0.0775978,0.0976982,0.0634656,0.0371362,0.00815251,-2.44929e-16,
0,0.0238219,0.0529177,0.074124,0.075334,0.0952564,0.0621586,0.036514,0.00803447,-2.44929e-16,
0,0.022967,0.0510814,0.071744,0.0731466,0.0928273,0.0608029,0.0358342,0.00789999,-2.44929e-16,
0,0.0221682,0.049357,0.0694815,0.0710313,0.0904206,0.059415,0.0351116,0.00775303,-2.44929e-16,
0,0.0214183,0.0477306,0.0673241,0.0689841,0.0880438,0.0580081,0.0343584,0.00759679,-2.44929e-16,
0,0.0207113,0.0461908,0.0652618,0.0670018,0.0857027,0.0565931,0.0335845,0.00743391,-2.44929e-16,
0,0.0200421,0.0447282,0.0632858,0.0650812,0.0834018,0.0551786,0.0327977,0.00726652,-2.44929e-16,
0,0.0194066,0.0433344,0.0613887,0.0632196,0.0811446,0.0537715,0.0320046,0.00709634,-2.44929e-16,
0,0.0188012,0.0420029,0.0595643,0.0614145,0.0789336,0.0523774,0.0312103,0.00692478,-2.44929e-16,
0,0.0182229,0.0407277,0.0578072,0.0596636,0.0767705,0.0510005,0.0304191,0.00675296,-2.44929e-16,
0,0.0176692,0.0395041,0.0561127,0.0579648,0.0746567,0.0496444,0.0296343,0.0065818,-2.44929e-16,
0,0.0171379,0.0383278,0.0544767,0.0563163,0.0725927,0.0483115,0.0288584,0.00641201,-2.44929e-16,
0,0.0166273,0.0371952,0.0528958,0.0547161,0.0705789,0.047004,0.0280937,0.00624416,-2.44929e-16,
0,0.0161357,0.0361033,0.0513667,0.0531626,0.0686154,0.0457232,0.0273416,0.0060787,-2.44929e-16,
0,0.0156618,0.0350494,0.0498869,0.0516543,0.0667018,0.0444702,0.0266033,0.00591598,-2.44929e-16,
0,0.0152044,0.0340312,0.0484538,0.0501896,0.0648378,0.0432458,0.0258799,0.00575626,-2.44929e-16,
0,0.0147626,0.0330466,0.0470653,0.0487671,0.0630227,0.0420502,0.0251719,0.00559973,-2.44929e-16,
0,0.0143353,0.0320938,0.0457193,0.0473855,0.0612559,0.0408837,0.0244798,0.00544654,-2.44929e-16,
0,0.0139219,0.0311713,0.0444141,0.0460435,0.0595364,0.0397463,0.0238038,0.00529679,-2.44929e-16,
0,0.0135216,0.0302775,0.0431481,0.0447399,0.0578634,0.0386378,0.0231441,0.00515053,-2.44929e-16,
0,0.0131339,0.0294112,0.0419198,0.0434736,0.056236,0.0375581,0.0225008,0.0050078,-2.44929e-16,
0,0.012758,0.0285713,0.0407277,0.0422433,0.0546532,0.0365066,0.0218737,0.0048686,-2.44929e-16,
0,0.0123936,0.0277566,0.0395706,0.0410481,0.0531139,0.0354832,0.0212628,0.00473293,-2.44929e-16,
0,0.0120402,0.0269662,0.0384472,0.0398869,0.0516172,0.0344871,0.0206679,0.00460075,-2.44929e-16,
0,0.0116973,0.0261992,0.0373565,0.0387587,0.050162,0.0335181,0.0200887,0.00447202,-2.44929e-16,
0,0.0113646,0.0254547,0.0362973,0.0376625,0.0487472,0.0325754,0.019525,0.0043467,-2.44929e-16,
0,0.0110416,0.0247319,0.0352686,0.0365974,0.0473719,0.0316585,0.0189766,0.00422474,-2.44929e-16,
0,0.0107281,0.0240302,0.0342695,0.0355625,0.0460351,0.0307668,0.018443,0.00410606,-2.44929e-16,
0,0.0104236,0.0233487,0.033299,0.0345569,0.0447356,0.0298998,0.017924,0.00399061,-2.44929e-16,
0,0.010128,0.0226869,0.0323562,0.0335799,0.0434726,0.0290569,0.0174193,0.00387831,-2.44929e-16,
0,0.00984096,0.0220442,0.0314404,0.0326305,0.042245,0.0282374,0.0169285,0.0037691,-2.44929e-16,
0,0.00956214,0.0214198,0.0305507,0.031708,0.0410519,0.0274407,0.0164513,0.00366291,-2.44929e-16,
0,0.00929131,0.0208134,0.0296863,0.0308116,0.0398924,0.0266663,0.0159874,0.00355966,-2.44929e-16,
0,0.00902824,0.0202242,0.0288465,0.0299405,0.0387655,0.0259136,0.0155364,0.00345927,-2.44929e-16,
0,0.00877269,0.0196519,0.0280306,0.0290941,0.0376703,0.025182,0.0150979,0.00336169,-2.44929e-16,
0,0.00852442,0.0190959,0.0272378,0.0282717,0.036606,0.0244709,0.0146718,0.00326683,-2.44929e-16,
0,0.00828322,0.0185556,0.0264676,0.0274725,0.0355717,0.0237798,0.0142576,0.00317462,-2.44929e-16,
0,0.00804889,0.0180308,0.0257191,0.0266959,0.0345666,0.0231081,0.013855,0.00308499,-2.44929e-16,
0,0.00782122,0.0175208,0.0249919,0.0259413,0.0335898,0.0224553,0.0134637,0.00299788,-2.44929e-16,
0,0.00760001,0.0170253,0.0242853,0.0252081,0.0326406,0.0218209,0.0130834,0.00291322,-2.44929e-16,
0,0.00738508,0.0165439,0.0235987,0.0244955,0.0317182,0.0212044,0.0127139,0.00283094,-2.44929e-16,
0,0.00717624,0.0160761,0.0229315,0.0238031,0.0308218,0.0206053,0.0123547,0.00275097,-2.44929e-16,
0,0.00697333,0.0156216,0.0222832,0.0231303,0.0299507,0.0200231,0.0120056,0.00267326,-2.44929e-16,
0,0.00677616,0.0151799,0.0216533,0.0224765,0.0291043,0.0194573,0.0116664,0.00259773,-2.44929e-16,
0,0.00658458,0.0147507,0.0210412,0.0218412,0.0282817,0.0189074,0.0113368,0.00252433,-2.44929e-16,
0,0.00639842,0.0143337,0.0204464,0.0212238,0.0274824,0.0183731,0.0110164,0.002453,-2.44929e-16,
0,0.00621753,0.0139285,0.0198684,0.0206239,0.0267056,0.0178539,0.0107051,0.00238369,-2.44929e-16,
0,0.00604176,0.0135348,0.0193068,0.020041,0.0259509,0.0173493,0.0104026,0.00231633,-2.44929e-16,
0,0.00587097,0.0131522,0.018761,0.0194745,0.0252174,0.016859,0.0101086,0.00225087,-2.44929e-16,
0,0.00570501,0.0127804,0.0182307,0.0189241,0.0245047,0.0163825,0.00982294,0.00218726,-2.44929e-16,
0,0.00554374,0.0124191,0.0177154,0.0183892,0.0238121,0.0159195,0.00954533,0.00212545,-2.44929e-16,
0,0.00538703,0.012068,0.0172147,0.0178694,0.023139,0.0154695,0.00927556,0.00206538,-2.44929e-16,
0,0.00523475,0.0117269,0.0167281,0.0173643,0.022485,0.0150323,0.00901341,0.00200701,-2.44929e-16,
0,0.00508678,0.0113954,0.0162552,0.0168735,0.0218495,0.0146075,0.00875866,0.00195028,-2.44929e-16,
0,0.004943,0.0110733,0.0157958,0.0163966,0.0212319,0.0141946,0.00851111,0.00189516,-2.44929e-16,
0,0.00480328,0.0107603,0.0153493,0.0159331,0.0206318,0.0137934,0.00827056,0.0018416,-2.44929e-16,
0,0.00466751,0.0104562,0.0149154,0.0154828,0.0200487,0.0134035,0.0080368,0.00178955,-2.44929e-16,
0,0.00453558,0.0101606,0.0144938,0.0150451,0.019482,0.0130247,0.00780965,0.00173897,-2.44929e-16,
0,0.00440737,0.00987344,0.0140842,0.0146199,0.0189313,0.0126566,0.00758892,0.00168982,-2.44929e-16,
0,0.0042828,0.00959436,0.0136861,0.0142067,0.0183963,0.0122988,0.00737442,0.00164206,-2.44929e-16,
0,0.00416174,0.00932317,0.0132992,0.0138051,0.0178763,0.0119512,0.00716599,0.00159565,-2.44929e-16,
0,0.00404411,0.00905965,0.0129233,0.0134149,0.017371,0.0116134,0.00696345,0.00155055,-2.44929e-16,
0,0.0039298,0.00880357,0.012558,0.0130357,0.01688,0.0112852,0.00676663,0.00150672,-2.44929e-16,
0,0.00381872,0.00855474,0.0122031,0.0126673,0.0164029,0.0109662,0.00657537,0.00146413,-2.44929e-16,
0,0.00371078,0.00831293,0.0118582,0.0123092,0.0159393,0.0106562,0.00638952,0.00142275,-2.44929e-16,
0,0.0036059,0.00807797,0.011523,0.0119613,0.0154888,0.010355,0.00620892,0.00138254,-2.44929e-16,
0,0.00350398,0.00784964,0.0111973,0.0116232,0.015051,0.0100624,0.00603343,0.00134346,-2.44929e-16,
0,0.00340494,0.00762777,0.0108808,0.0112947,0.0146256,0.00977794,0.0058629,0.00130549,-2.44929e-16,
0,0.0033087,0.00741217,0.0105733,0.0109755,0.0142122,0.00950157,0.00569718,0.00126859,-2.44929e-16,
0,0.00321517,0.00720267,0.0102744,0.0106652,0.0138105,0.00923301,0.00553615,0.00123273,-2.44929e-16,
0,0.642788,0.984808,0.866025,0.34202,-0.34202,-0.866025,-0.984808,-0.642788,-2.44929e-16,
0,0.520977,0.798183,0.70191,0.277206,-0.277206,-0.70191,-0.798183,-0.520977,-2.44929e-16,
0,0.42225,0.646924,0.568895,0.224674,-0.224674,-0.568895,-0.646924,-0.42225,-2.44929e-16,
0,0.342232,0.524329,0.461087,0.182098,-0.182098,-0.461087,-0.524329,-0.342232,-2.44929e-16,
0,0.277377,0.424967,0.373709,0.147589,-0.147589,-0.373709,-0.424967,-0.277377,-2.44929e-16,
0,0.224813,0.344434,0.30289,0.119621,-0.119621,-0.30289,-0.344434,-0.224813,-2.44929e-16,
0,0.18221,0.279162,0.245491,0.096952,-0.096952,-0.245491,-0.279162,-0.18221,-2.44929e-16,
0,0.147681,0.22626,0.19897,0.0785792,-0.0785792,-0.19897,-0.22626,-0.147681,-2.44929e-16,
0,0.119695,0.183383,0.161264,0.0636882,-0.0636882,-0.161264,-0.183383,-0.119695,-2.44929e-16,
0,0.097012,0.148631,0.130704,0.051619,-0.051619,-0.130704,-0.148631,-0.097012,-2.44929e-16,
0,0.0786278,0.120465,0.105935,0.041837,-0.041837,-0.105935,-0.120465,-0.0786278,-2.44929e-16,
0,0.0637275,0.0976362,0.0858599,0.0339087,-0.0339087,-0.0858599,-0.0976362,-0.0637275,-2.44929e-16,
0,0.0516509,0.0791338,0.0695891,0.0274829,-0.0274829,-0.0695891,-0.0791338,-0.0516509,-2.44929e-16,
0,0.0418629,0.0641376,0.0564017,0.0222748,-0.0222748,-0.0564017,-0.0641376,-0.0418629,-2.44929e-16,
0,0.0339297,0.0519833,0.0457133,0.0180536,-0.0180536,-0.0457133,-0.0519833,-0.0339297,-2.44929e-16,
0,0.0274999,0.0421322,0.0370505,0.0146324,-0.0146324,-0.0370505,-0.0421322,-0.0274999,-2.44929e-16,
0,0.0222885,0.034148,0.0300293,0.0118595,-0.0118595,-0.0300293,-0.034148,-0.0222885,-2.44929e-16,
0,0.0180648,0.0276768,0.0243386,0.00961206,-0.00961206,-0.0243386,-0.0276768,-0.0180648,-2.44929e-16,
0,0.0146414,0.022432,0.0197263,0.00779054,-0.00779054,-0.0197263,-0.022432,-0.0146414,-2.44929e-16,
0,0.0118668,0.018181,0.0159881,0.0063142,-0.0063142,-0.0159881,-0.018181,-0.0118668,-2.44929e-16,
0,0.00961801,0.0147356,0.0129583,0.00511763,-0.00511763,-0.0129583,-0.0147356,-0.00961801,-2.44929e-16,
0,0.00779535,0.0119432,0.0105027,0.00414782,-0.00414782,-0.0105027,-0.0119432,-0.00779535,-2.44929e-16,
0,0.0063181,0.0096799,0.00851236,0.00336179,-0.00336179,-0.00851236,-0.0096799,-0.0063181,-2.44929e-16,
0,0.0051208,0.00784552,0.00689923,0.00272472,-0.00272472,-0.00689923,-0.00784552,-0.0051208,-2.44929e-16,
0,0.00415039,0.00635876,0.0055918,0.00220837,-0.00220837,-0.0055918,-0.00635876,-0.00415039,-2.44929e-16,
0,0.00336387,0.00515375,0.00453213,0.00178988,-0.00178988,-0.00453213,-0.00515375,-0.00336387,-2.44929e-16,
0,0.0027264,0.00417709,0.00367327,0.00145069,-0.00145069,-0.00367327,-0.00417709,-0.0027264,-2.44929e-16,
0,0.00220974,0.00338552,0.00297717,0.00117578,-0.00117578,-0.00297717,-0.00338552,-0.00220974,-2.44929e-16,
0,0.00179099,0.00274395,0.00241299,0.000952963,-0.000952963,-0.00241299,-0.00274395,-0.00179099,-2.44929e-16,
0,0.00145159,0.00222396,0.00195572,0.000772373,-0.000772373,-0.00195572,-0.00222396,-0.00145159,-2.44929e-16,
0,0.0011765,0.00180251,0.0015851,0.000626005,-0.000626005,-0.0015851,-0.00180251,-0.0011765,-2.44929e-16,
0,0.000953553,0.00146093,0.00128472,0.000507375,-0.000507375,-0.00128472,-0.00146093,-0.000953553,-2.44929e-16,
0,0.000772851,0.00118408,0.00104126,0.000411225,-0.000411225,-0.00104126,-0.00118408,-0.000772851,-2.44929e-16,
0,0.000626392,0.000959689,0.000843936,0.000333296,-0.000333296,-0.000843936,-0.000959689,-0.000626392,-2.44929e-16,
0,0.000507688,0.000777824,0.000684007,0.000270135,-0.000270135,-0.000684007,-0.000777824,-0.000507688,-2.44929e-16,
0,0.000411479,0.000630423,0.000554385,0.000218944,-0.000218944,-0.000554385,-0.000630423,-0.000411479,-2.44929e-16,
0,0.000333502,0.000510955,0.000449327,0.000177453,-0.000177453,-0.000449327,-0.000510955,-0.000333502,-2.44929e-16,
0,0.000270302,0.000414127,0.000364177,0.000143825,-0.000143825,-0.000364177,-0.000414127,-0.000270302,-2.44929e-16,
0,0.000219079,0.000335649,0.000295164,0.00011657,-0.00011657,-0.000295164,-0.000335649,-0.000219079,-2.44929e-16,
0,0.000177563,0.000272042,0.00023923,9.44791e-05,-9.44791e-05,-0.00023923,-0.000272042,-0.000177563,-2.44929e-16,
0,0.000143914,0.000220489,0.000193895,7.65749e-05,-7.65749e-05,-0.000193895,-0.000220489,-0.000143914,-2.44929e-16,
0,0.000116642,0.000178705,0.000157151,6.20637e-05,-6.20637e-05,-0.000157151,-0.000178705,-0.000116642,-2.44929e-16,
0,9.45375e-05,0.00014484,0.00012737,5.03024e-05,-5.03024e-05,-0.00012737,-0.00014484,-9.45375e-05,-2.44929e-16,
0,7.66223e-05,0.000117392,0.000103233,4.07699e-05,-4.07699e-05,-0.000103233,-0.000117392,-7.66223e-05,-2.44929e-16,
0,6.21021e-05,9.51459e-05,8.36699e-05,3.30438e-05,-3.30438e-05,-8.36699e-05,-9.51459e-05,-6.21021e-05,-2.44929e-16,
0,5.03335e-05,7.71154e-05,6.78141e-05,2.67819e-05,-2.67819e-05,-6.78141e-05,-7.71154e-05,-5.03335e-05,-2.44929e-16,
0,4.07951e-05,6.25017e-05,5.49631e-05,2.17066e-05,-2.17066e-05,-5.49631e-05,-6.25017e-05,-4.07951e-05,-2.44929e-16,
0,3.30642e-05,5.06574e-05,4.45473e-05,1.75931e-05,-1.75931e-05,-4.45473e-05,-5.06574e-05,-3.30642e-05,-2.44929e-16,
0,2.67984e-05,4.10576e-05,3.61054e-05,1.42592e-05,-1.42592e-05,-3.61054e-05,-4.10576e-05,-2.67984e-05,-2.44929e-16,
0,2.172e-05,3.3277e-05,2.92633e-05,1.1557e-05,-1.1557e-05,-2.92633e-05,-3.3277e-05,-2.172e-05,-2.44929e-16,
0,1.7604e-05,2.69709e-05,2.37178e-05,9.36689e-06,-9.36689e-06,-2.37178e-05,-2.69709e-05,-1.7604e-05,-2.44929e-16,
0,1.4268e-05,2.18598e-05,1.92232e-05,7.59183e-06,-7.59183e-06,-1.92232e-05,-2.18598e-05,-1.4268e-05,-2.44929e-16,
0,1.15641e-05,1.77173e-05,1.55803e-05,6.15315e-06,-6.15315e-06,-1.55803e-05,-1.77173e-05,-1.15641e-05,-2.44929e-16,
0,9.37268e-06,1.43598e-05,1.26278e-05,4.9871e-06,-4.9871e-06,-1.26278e-05,-1.43598e-05,-9.37268e-06,-2.44929e-16,
0,7.59652e-06,1.16385e-05,1.02348e-05,4.04202e-06,-4.04202e-06,-1.02348e-05,-1.16385e-05,-7.59652e-06,-2.44929e-16,
0,6.15695e-06,9.43299e-06,8.29524e-06,3.27604e-06,-3.27604e-06,-8.29524e-06,-9.43299e-06,-6.15695e-06,-2.44929e-16,
0,4.99018e-06,7.6454e-06,6.72326e-06,2.65522e-06,-2.65522e-06,-6.72326e-06,-7.6454e-06,-4.99018e-06,-2.44929e-16,
0,4.04452e-06,6.19657e-06,5.44917e-06,2.15205e-06,-2.15205e-06,-5.44917e-06,-6.19657e-06,-4.04452e-06,-2.44929e-16,
0,3.27807e-06,5.0223e-06,4.41653e-06,1.74422e-06,-1.74422e-06,-4.41653e-06,-5.0223e-06,-3.27807e-06,-2.44929e-16,
0,2.65686e-06,4.07055e-06,3.57958e-06,1.41369e-06,-1.41369e-06,-3.57958e-06,-4.07055e-06,-2.65686e-06,-2.44929e-16,
0,2.15338e-06,3.29916e-06,2.90124e-06,1.14579e-06,-1.14579e-06,-2.90124e-06,-3.29916e-06,-2.15338e-06,-2.44929e-16,
0,1.7453e-06,2.67396e-06,2.35144e-06,9.28656e-07,-9.28656e-07,-2.35144e-06,-2.67396e-06,-1.7453e-06,-2.44929e-16,
0,1.41456e-06,2.16723e-06,1.90583e-06,7.52672e-07,-7.52672e-07,-1.90583e-06,-2.16723e-06,-1.41456e-06,-2.44929e-16,
0,1.1465e-06,1.75653e-06,1.54467e-06,6.10038e-07,-6.10038e-07,-1.54467e-06,-1.75653e-06,-1.1465e-06,-2.44929e-16,
0,9.29231e-07,1.42366e-06,1.25195e-06,4.94433e-07,-4.94433e-07,-1.25195e-06,-1.42366e-06,-9.29231e-07,-2.44929e-16,
0,7.53138e-07,1.15387e-06,1.0147e-06,4.00736e-07,-4.00736e-07,-1.0147e-06,-1.15387e-06,-7.53138e-07,-2.44929e-16,
0,6.10415e-07,9.3521e-07,8.2241e-07,3.24795e-07,-3.24795e-07,-8.2241e-07,-9.3521e-07,-6.10415e-07,-2.44929e-16,
0,4.94739e-07,7.57984e-07,6.6656e-07,2.63245e-07,-2.63245e-07,-6.6656e-07,-7.57984e-07,-4.94739e-07,-2.44929e-16,
0,4.00984e-07,6.14343e-07,5.40244e-07,2.13359e-07,-2.13359e-07,-5.40244e-07,-6.14343e-07,-4.00984e-07,-2.44929e-16,
0,3.24996e-07,4.97923e-07,4.37866e-07,1.72927e-07,-1.72927e-07,-4.37866e-07,-4.97923e-07,-3.24996e-07,-2.44929e-16,
0,2.63408e-07,4.03564e-07,3.54888e-07,1.40156e-07,-1.40156e-07,-3.54888e-07,-4.03564e-07,-2.63408e-07,-2.44929e-16,
0,2.13491e-07,3.27087e-07,2.87636e-07,1.13596e-07,-1.13596e-07,-2.87636e-07,-3.27087e-07,-2.13491e-07,-2.44929e-16,
0,1.73034e-07,2.65103e-07,2.33128e-07,9.20693e-08,-9.20693e-08,-2.33128e-07,-2.65103e-07,-1.73034e-07,-2.44929e-16,
0,1.40243e-07,2.14865e-07,1.88949e-07,7.46218e-08,-7.46218e-08,-1.88949e-07,-2.14865e-07,-1.40243e-07,-2.44929e-16,
0,1.13666e-07,1.74147e-07,1.53142e-07,6.04807e-08,-6.04807e-08,-1.53142e-07,-1.74147e-07,-1.13666e-07,-2.44929e-16,
0,9.21262e-08,1.41146e-07,1.24121e-07,4.90193e-08,-4.90193e-08,-1.24121e-07,-1.41146e-07,-9.21262e-08,-2.44929e-16,
0,7.46679e-08,1.14398e-07,1.006e-07,3.973e-08,-3.973e-08,-1.006e-07,-1.14398e-07,-7.46679e-08,-2.44929e-16,
0,6.0518e-08,9.2719e-08,8.15357e-08,3.2201e-08,-3.2201e-08,-8.15357e-08,-9.2719e-08,-6.0518e-08,-2.44929e-16,
0,4.90496e-08,7.51484e-08,6.60844e-08,2.60988e-08,-2.60988e-08,-6.60844e-08,-7.51484e-08,-4.90496e-08,-2.44929e-16,
0,3.97545e-08,6.09075e-08,5.35611e-08,2.11529e-08,-2.11529e-08,-5.35611e-08,-6.09075e-08,-3.97545e-08,-2.44929e-16,
0,3.22209e-08,4.93653e-08,4.34111e-08,1.71444e-08,-1.71444e-08,-4.34111e-08,-4.93653e-08,-3.22209e-08,-2.44929e-16,
0,2.61149e-08,4.00104e-08,3.51845e-08,1.38954e-08,-1.38954e-08,-3.51845e-08,-4.00104e-08,-2.61149e-08,-2.44929e-16,
0,2.1166e-08,3.24282e-08,2.85169e-08,1.12622e-08,-1.12622e-08,-2.85169e-08,-3.24282e-08,-2.1166e-08,-2.44929e-16,
0,1.7155e-08,2.62829e-08,2.31128e-08,9.12797e-09,-9.12797e-09,-2.31128e-08,-2.6283e-08,-1.7155e-08,-2.44929e-16,
0,1.3904e-08,2.13022e-08,1.87329e-08,7.39819e-09,-7.39819e-09,-1.87329e-08,-2.13022e-08,-1.3904e-08,-2.44929e-16,
0,1.12692e-08,1.72654e-08,1.51829e-08,5.9962e-09,-5.9962e-09,-1.51829e-08,-1.72654e-08,-1.12692e-08,-2.44929e-16,
0,9.13362e-09,1.39935e-08,1.23057e-08,4.8599e-09,-4.8599e-09,-1.23057e-08,-1.39935e-08,-9.13362e-09,-2.44929e-16,
0,7.40276e-09,1.13417e-08,9.97371e-09,3.93893e-09,-3.93893e-09,-9.97371e-09,-1.13417e-08,-7.40276e-09,-2.44929e-16,
0,5.99991e-09,9.19239e-09,8.08365e-09,3.19248e-09,-3.19248e-09,-8.08365e-09,-9.19239e-09,-5.99991e-09,-2.44929e-16,
0,4.8629e-09,7.4504e-09,6.55177e-09,2.5875e-09,-2.5875e-09,-6.55177e-09,-7.4504e-09,-4.8629e-09,-2.44929e-16,
0,3.94136e-09,6.03852e-09,5.31018e-09,2.09715e-09,-2.09715e-09,-5.31018e-09,-6.03852e-09,-3.94136e-09,-2.44929e-16,
0,3.19446e-09,4.89419e-09,4.30388e-09,1.69974e-09,-1.69974e-09,-4.30388e-09,-4.89419e-09,-3.19446e-09,-2.44929e-16,
0,2.5891e-09,3.96672e-09,3.48828e-09,1.37763e-09,-1.37763e-09,-3.48828e-09,-3.96672e-09,-2.5891e-09,-2.44929e-16,
0,2.09845e-09,3.21501e-09,2.82724e-09,1.11656e-09,-1.11656e-09,-2.82724e-09,-3.21501e-09,-2.09845e-09,-2.44929e-16,
0,1.70079e-09,2.60576e-09,2.29146e-09,9.04969e-10,-9.0497e-10,-2.29146e-09,-2.60576e-09,-1.70079e-09,-2.44929e-16,
0,1.37848e-09,2.11195e-09,1.85722e-09,7.33474e-10,-7.33474e-10,-1.85722e-09,-2.11195e-09,-1.37848e-09,-2.44929e-16,
0,1.11725e-09,1.71173e-09,1.50527e-09,5.94478e-10,-5.94478e-10,-1.50527e-09,-1.71173e-09,-1.11725e-09,-2.44929e-16,
0,9.05529e-10,1.38735e-09,1.22002e-09,4.81822e-10,-4.81822e-10,-1.22002e-09,-1.38735e-09,-9.05529e-10,-2.44929e-16,
0,7.33928e-10,1.12444e-09,9.88818e-10,3.90515e-10,-3.90515e-10,-9.88818e-10,-1.12444e-09,-7.33928e-10,-2.44929e-16,
0,5.94845e-10,9.11356e-10,8.01433e-10,3.16511e-10,-3.16511e-10,-8.01433e-10,-9.11356e-10,-5.94846e-10,-2.44929e-16,
